        826517.
        0.00000
        111030.
        4010.00
        7488.00
        536.000
        376.000
        33.0000
        7.00000
        3.00000
        0.00000
        0.00000
        0.00000
        0.00000
        0.00000
        0.00000
        0.00000
        0.00000
        0.00000
        0.00000
        0.00000
        0.00000
        0.00000
        0.00000
        0.00000
        0.00000
        0.00000
        0.00000
        0.00000
        0.00000
        0.00000
        0.00000
        0.00000
        0.00000
        0.00000
        0.00000
        0.00000
        0.00000
        0.00000
        0.00000
        0.00000
        0.00000
        0.00000
        0.00000
        0.00000
        0.00000
        0.00000
        0.00000
        0.00000
        0.00000
        0.00000
        0.00000
        0.00000
        0.00000
        0.00000
        0.00000
        0.00000
        0.00000
        0.00000
        0.00000
        0.00000
        0.00000
        0.00000
        0.00000
        0.00000
        0.00000
        0.00000
        0.00000
        0.00000
        0.00000
        0.00000
        0.00000
        0.00000
        0.00000
        0.00000
        0.00000
        0.00000
        0.00000
        0.00000
        0.00000
        0.00000
        0.00000
        0.00000
        0.00000
        0.00000
        0.00000
        0.00000
        0.00000
        0.00000
        0.00000
        0.00000
        0.00000
        0.00000
        0.00000
        0.00000
        0.00000
        0.00000
        0.00000
        0.00000
        0.00000
        0.00000
        0.00000
        0.00000
        0.00000
        0.00000
        0.00000
        0.00000
        0.00000
        0.00000
        0.00000
        0.00000
        0.00000
        0.00000
        0.00000
        0.00000
        0.00000
        0.00000
        0.00000
        0.00000
        0.00000
        0.00000
        0.00000
        0.00000
        0.00000
        0.00000
        0.00000
        0.00000
        0.00000
        0.00000
        0.00000
        0.00000
        0.00000
        0.00000
        0.00000
        0.00000
        0.00000
        0.00000
        0.00000
        0.00000
        0.00000
        0.00000
        0.00000
        0.00000
        0.00000
        0.00000
        0.00000
        0.00000
        0.00000
        0.00000
        0.00000
        0.00000
        0.00000
        0.00000
        0.00000
        0.00000
        0.00000
        0.00000
        0.00000
        0.00000
        0.00000
        0.00000
        0.00000
        0.00000
        0.00000
        0.00000
        0.00000
        0.00000
        0.00000
        0.00000
        0.00000
        0.00000
        0.00000
        0.00000
        0.00000
        0.00000
        0.00000
        0.00000
        0.00000
        0.00000
        0.00000
        0.00000
        0.00000
        0.00000
        0.00000
        0.00000
        0.00000
        0.00000
        0.00000
        0.00000
        0.00000
        0.00000
        0.00000
        0.00000
        0.00000
        0.00000
        0.00000
        0.00000
        0.00000
        0.00000
        0.00000
        0.00000
        0.00000
        0.00000
        0.00000
        0.00000
        0.00000
        0.00000
        0.00000
        0.00000
        0.00000
        0.00000
        0.00000
        0.00000
        0.00000
        0.00000
        0.00000
        0.00000
        0.00000
        0.00000
        0.00000
        0.00000
        0.00000
        0.00000
        0.00000
        0.00000
        0.00000
        0.00000
        0.00000
        0.00000
        0.00000
        0.00000
        0.00000
        0.00000
        0.00000
        0.00000
        0.00000
        0.00000
        0.00000
        0.00000
        0.00000
        0.00000
        0.00000
        0.00000
        0.00000
        0.00000
        0.00000
        0.00000
        0.00000
        0.00000
        0.00000
        0.00000
        0.00000
        0.00000
        0.00000
        0.00000
        0.00000
        0.00000
        0.00000
        0.00000
        0.00000
        0.00000
        0.00000
        0.00000
        0.00000
        0.00000
        0.00000
        0.00000
        0.00000
        0.00000
        0.00000
        0.00000
        0.00000
        0.00000
        0.00000
        0.00000
        0.00000
        0.00000
        0.00000
        0.00000
        0.00000
        0.00000
        0.00000
        0.00000
        0.00000
        0.00000
        0.00000
        0.00000
        0.00000
        0.00000
        0.00000
        0.00000
        0.00000
        0.00000
        0.00000
        0.00000
        0.00000
        0.00000
        0.00000
        0.00000
        0.00000
        0.00000
        0.00000
        0.00000
        0.00000
        0.00000
        0.00000
        0.00000
        0.00000
        0.00000
        0.00000
        0.00000
        0.00000
        0.00000
        0.00000
        0.00000
        0.00000
        0.00000
        0.00000
        0.00000
        0.00000
        0.00000
        0.00000
        0.00000
        0.00000
        0.00000
        0.00000
        0.00000
        0.00000
        0.00000
        0.00000
        0.00000
        0.00000
        0.00000
        0.00000
        0.00000
        0.00000
        0.00000
        0.00000
        0.00000
        0.00000
        0.00000
        0.00000
        0.00000
        0.00000
        0.00000
        0.00000
        0.00000
        0.00000
        0.00000
        0.00000
        0.00000
        0.00000
        0.00000
        0.00000
        0.00000
        0.00000
        0.00000
        0.00000
        0.00000
        0.00000
        0.00000
        0.00000
        0.00000
        0.00000
        0.00000
        0.00000
        0.00000
        0.00000
        0.00000
        0.00000
        0.00000
        0.00000
        0.00000
        0.00000
        0.00000
        0.00000
        0.00000
        0.00000
        0.00000
        0.00000
        0.00000
        0.00000
        0.00000
        0.00000
        0.00000
        0.00000
        0.00000
        0.00000
        0.00000
        0.00000
        0.00000
        0.00000
        0.00000
        0.00000
        0.00000
        0.00000
        0.00000
        0.00000
        0.00000
        0.00000
        0.00000
