        0.00000
        0.00000
        0.00000
        0.00000
        0.00000
        0.00000
        0.00000
        0.00000
        0.00000
        0.00000
        0.00000
        1.00000
        0.00000
        1.00000
        0.00000
        0.00000
        1.00000
        2.00000
        3.00000
        6.00000
        7.00000
        8.00000
        16.0000
        25.0000
        31.0000
        46.0000
        56.0000
        85.0000
        113.000
        147.000
        190.000
        237.000
        308.000
        341.000
        438.000
        526.000
        664.000
        823.000
        990.000
        1222.00
        1473.00
        1671.00
        2060.00
        2355.00
        2578.00
        2990.00
        3485.00
        4021.00
        4588.00
        4913.00
        5737.00
        6277.00
        6697.00
        7507.00
        8357.00
        8983.00
        9780.00
        10521.0
        11297.0
        12344.0
        13068.0
        13908.0
        14777.0
        16109.0
        16425.0
        17770.0
        18657.0
        19485.0
        20247.0
        20961.0
        22019.0
        22666.0
        23212.0
        24221.0
        24835.0
        25145.0
        25453.0
        26099.0
        26211.0
        26153.0
        26335.0
        25857.0
        25877.0
        25502.0
        24531.0
        24243.0
        23162.0
        22187.0
        21165.0
        20022.0
        18699.0
        17640.0
        16241.0
        14956.0
        13793.0
        12376.0
        11076.0
        9719.00
        8614.00
        7645.00
        6666.00
        5660.00
        4939.00
        4187.00
        3424.00
        2820.00
        2371.00
        1909.00
        1539.00
        1308.00
        999.000
        763.000
        634.000
        457.000
        376.000
        266.000
        210.000
        149.000
        94.0000
        73.0000
        56.0000
        32.0000
        25.0000
        19.0000
        13.0000
        8.00000
        7.00000
        2.00000
        4.00000
        3.00000
        1.00000
        1.00000
        2.00000
        0.00000
        1.00000
        0.00000
        0.00000
        0.00000
        0.00000
        0.00000
        0.00000
        0.00000
        0.00000
        0.00000
        0.00000
        0.00000
        0.00000
        0.00000
        0.00000
        0.00000
        0.00000
        0.00000
        0.00000
        0.00000
        0.00000
        0.00000
        0.00000
        0.00000
        0.00000
        0.00000
        0.00000
        0.00000
        0.00000
        0.00000
        0.00000
        0.00000
        0.00000
        0.00000
        0.00000
        0.00000
        0.00000
        0.00000
        0.00000
        0.00000
        0.00000
        0.00000
        0.00000
        0.00000
        0.00000
        0.00000
        0.00000
        0.00000
        0.00000
        0.00000
        0.00000
        0.00000
        0.00000
        0.00000
        0.00000
        0.00000
        0.00000
        0.00000
        0.00000
        0.00000
        0.00000
        0.00000
        0.00000
        0.00000
        0.00000
        0.00000
        0.00000
        0.00000
        0.00000
        0.00000
        0.00000
        0.00000
        0.00000
        0.00000
        0.00000
        0.00000
        0.00000
        0.00000
        0.00000
        0.00000
        0.00000
        0.00000
        0.00000
        0.00000
        0.00000
        0.00000
        0.00000
        0.00000
        0.00000
        0.00000
        0.00000
        0.00000
        0.00000
        0.00000
        0.00000
        0.00000
        0.00000
        0.00000
        0.00000
        0.00000
        0.00000
        0.00000
        0.00000
        0.00000
        0.00000
        0.00000
        0.00000
        0.00000
        0.00000
        0.00000
        0.00000
        0.00000
        0.00000
        0.00000
        0.00000
        0.00000
        0.00000
        0.00000
        0.00000
        0.00000
        0.00000
        0.00000
        0.00000
        0.00000
        0.00000
        0.00000
        0.00000
        0.00000
        0.00000
        0.00000
        0.00000
        0.00000
        0.00000
        0.00000
        0.00000
        0.00000
        0.00000
        0.00000
        0.00000
        0.00000
        0.00000
        0.00000
        0.00000
        0.00000
        0.00000
        0.00000
        0.00000
        0.00000
        0.00000
        0.00000
        0.00000
        0.00000
        0.00000
        0.00000
        0.00000
        0.00000
        0.00000
        0.00000
        0.00000
        0.00000
        0.00000
        0.00000
        0.00000
        0.00000
        0.00000
        0.00000
        0.00000
        0.00000
        0.00000
        0.00000
        0.00000
        0.00000
        0.00000
        0.00000
        0.00000
        0.00000
        0.00000
        0.00000
        0.00000
        0.00000
        0.00000
        0.00000
        0.00000
        0.00000
        0.00000
        0.00000
        0.00000
        0.00000
        0.00000
        0.00000
        0.00000
        0.00000
        0.00000
        0.00000
        0.00000
        0.00000
        0.00000
        0.00000
        0.00000
        0.00000
        0.00000
        0.00000
        0.00000
        0.00000
        0.00000
        0.00000
        0.00000
        0.00000
        0.00000
        0.00000
        0.00000
        0.00000
        0.00000
        0.00000
        0.00000
        0.00000
        0.00000
        0.00000
        0.00000
        0.00000
        0.00000
        0.00000
        0.00000
        0.00000
        0.00000
        0.00000
        0.00000
        0.00000
        0.00000
        0.00000
        0.00000
        0.00000
        0.00000
        0.00000
        0.00000
        0.00000
        0.00000
        0.00000
        0.00000
        0.00000
        0.00000
        0.00000
        0.00000
        0.00000
        0.00000
        0.00000
        0.00000
        0.00000
        0.00000
        0.00000
        0.00000
        0.00000
        0.00000
        0.00000
        0.00000
        0.00000
        0.00000
        0.00000
        0.00000
        0.00000
        0.00000
        0.00000
        0.00000
        0.00000
        0.00000
        0.00000
        0.00000
